0.9587239027023315
0.9561892747879028
0.9744959473609924
0.9669171571731567
0.9831250905990601
0.9866737723350525
0.9725067615509033
0.9662786722183228
0.9832385182380676
0.9912264347076416
0.9726443290710449
0.9553235769271851
0.89023756980896
0.9867712259292603
0.9914381504058838
0.9856151342391968
0.9849256873130798
0.9515587687492371
0.897400438785553
0.9884622693061829
0.9751631021499634
0.7926279306411743
0.9802447557449341
0.9892263412475586
0.985793948173523
0.9867919683456421
0.9902056455612183
0.965171217918396
0.9178309440612793
0.9900496006011963
0.8331599235534668
0.9658718109130859
0.9807541370391846
0.87452632188797
0.9302093982696533
0.7637267112731934
0.5724143385887146
0.9093387722969055
0.8703144788742065
0.476508229970932
0.7694599628448486
0.5701011419296265
0.02547454833984375
0.8346887230873108
0.7180368304252625
0.47094178199768066
0.04444807767868042
0.060605525970458984
0.0851396918296814
0.452449768781662
0.3462434411048889
0.2595546841621399
0.7945936918258667
0.6465672850608826
0.006730794906616211
0.008327513933181763
0.023713141679763794
0.057495713233947754
0.026937156915664673
0.1711384654045105
0.016622185707092285
0.042690277099609375
0.018540889024734497
0.19103550910949707
0.14229869842529297
0.028807401657104492
0.6721163988113403
0.2734531760215759
0.07302272319793701
0.0014762282371520996
0.02336105704307556
0.31264710426330566
0.11404240131378174
0.19322717189788818
0.11555033922195435
0.05420491099357605
0.07995465397834778
0.04829674959182739
0.48688748478889465
0.8859715461730957
0.27134573459625244
0.11297476291656494
0.02952536940574646
0.00998997688293457
0.072559654712677
0.1142663061618805
0.2603091597557068
0.2236006259918213
0.176954984664917
0.06930512189865112
0.09816870093345642
0.15290403366088867
0.012655705213546753
0.15431955456733704
0.16705286502838135
0.034192055463790894
0.010860711336135864
0.0014866888523101807
0.007105439901351929
0.007626533508300781
0.33540743589401245
0.7331603765487671
0.3196257948875427
0.2366103231906891
0.06521639227867126
0.04420703649520874
0.014322370290756226
0.00978386402130127
0.01940631866455078
0.04037743806838989
0.0019244849681854248
0.0008178353309631348
0.011933982372283936
0.04962265491485596
0.02034783363342285
0.10352134704589844
0.051384806632995605
0.1621800661087036
0.0035529136657714844
0.0413966178894043
0.010801643133163452
0.0029847025871276855
0.10275992751121521
0.020874708890914917
0.0510309636592865
0.0018459558486938477
0.005054563283920288
0.037324458360672
0.6271867752075195
0.20349538326263428
0.03907814621925354
0.010072112083435059
0.18150997161865234
0.09611591696739197
0.43311917781829834
0.371093213558197
0.14226853847503662
0.1130693256855011
0.1206202507019043
0.011755526065826416
0.02209252119064331
0.042054176330566406
0.1739976406097412
0.19987565279006958
0.17066818475723267
0.31981325149536133
0.1549546718597412
0.0759257972240448
0.026766836643218994
0.053541332483291626
0.03742259740829468
0.02818995714187622
0.018232524394989014
0.001546233892440796
0.006866008043289185
0.01431506872177124
0.115994393825531
0.8128004670143127
0.0970812737941742
0.1025053858757019
0.03375151753425598
0.029128938913345337
0.033014774322509766
0.030040860176086426
0.025506198406219482
0.029489368200302124
0.0005097687244415283
0.006640404462814331
0.005941480398178101
0.003426462411880493
0.03704389929771423
0.17847514152526855
0.018423855304718018
0.008346647024154663
0.04081857204437256
0.017309725284576416
0.010013937950134277
0.004352003335952759
0.24353483319282532
0.024640828371047974
0.007525771856307983
0.012333512306213379
0.0076444149017333984
0.06943508982658386
0.18238145112991333
0.35545939207077026
0.1414424479007721
0.0643785297870636
0.06532269716262817
0.3200835585594177
0.5498815178871155
0.6852715015411377
0.5133317112922668
0.04829034209251404
0.022244244813919067
0.001752406358718872
0.11016601324081421
0.08369922637939453
0.23276743292808533
0.2899373471736908
0.05593380331993103
0.11410212516784668
0.09708932042121887
0.03332000970840454
0.032021284103393555
0.00745043158531189
0.07659497857093811
0.04270261526107788
0.06351983547210693
0.005309551954269409
0.00854647159576416
0.015131264925003052
0.17440202832221985
0.274374395608902
0.09455090761184692
0.02312597632408142
0.11128729581832886
0.027947574853897095
0.025091558694839478
0.019114583730697632
0.006697267293930054
0.04226648807525635
0.003371506929397583
0.0020813047885894775
0.060135066509246826
0.025731801986694336
0.021654248237609863
0.06140422821044922
0.009258955717086792
0.03469967842102051
0.03237062692642212
0.010434836149215698
0.0076329708099365234
0.005686908960342407