0.980937123298645
0.9564793705940247
0.9898306131362915
0.9679750204086304
0.9833612442016602
0.745100200176239
0.9739265441894531
0.8576494455337524
0.9515877366065979
0.9629238843917847
0.9459465146064758
0.9136390089988708
0.9285849332809448
0.9906079769134521
0.8866294622421265
0.9732036590576172
0.9807618856430054
0.9600679874420166
0.9779401421546936
0.9822611808776855
0.9924963712692261
0.9666163921356201
0.9274806380271912
0.9001458287239075
0.9373623132705688
0.9669339060783386
0.9256454706192017
0.9914795160293579
0.9413641691207886
0.9860979318618774
0.98382169008255
0.9842603206634521
0.9864128232002258
0.8717790842056274
0.744003176689148
0.8081299662590027
0.72359299659729
0.9133962392807007
0.7367548942565918
0.8247539401054382
0.7878358364105225
0.7056432962417603
0.0205652117729187
0.5201157927513123
0.901009202003479
0.511370837688446
0.13164621591567993
0.36470508575439453
0.4682330787181854
0.1820613145828247
0.47541749477386475
0.34606805443763733
0.6316397190093994
0.5175563097000122
0.004669249057769775
0.008873164653778076
0.024539321660995483
0.008495897054672241
0.024225473403930664
0.13024872541427612
0.00531238317489624
0.026978492736816406
0.10087832808494568
0.3631727695465088
0.24026232957839966
0.0070182085037231445